-1155
-1178
-125
-789
-1119
 337
 476
-185
 200
-508
 512
-390
 678
-434
 -35
-698
-548
-1088
-725
-356
-427
-860
-381
  25
-1106
-294
 514
-466
-911
 852
-862
 783
-750
-545
 325
  39
 251
 764
 347
-1032
 134
-1094
-1208
-926
-279
 716
 840
-592
-654
-586
-605
 951
 599
-242
 554
-772
-308
-931
 478
-164
  40
 -16
-528
 541
-883
 355
-616
 965
-383
 324
-129
 940
 334
-1128
-551
-535
 633
-668
  -9
-877
-500
-350
-138
 623
 511
 936
-611
  34
-598
-652
-821
 747
 323
-971
-922
 643
-976
 381
-589
-287
-841
 322
 899
-838
-285
-893
-428
 364
-212
 658
 464
 608
 803
 -25
-1124
 462
 809
 -17
 562
-1151
-870
-906
 850
 591
-154
 206
-1021
 590
 164
 606
 548
 151
-677
 173
 -86
-967
-887
-213
-807
-325
-268
 993
 917
-354
-712
  58
 369
-377
-1153
-533
 289
 -46
-574
 945
 827
 952
 174
-754
 973
-933
-433
-422
 523
 839
 837
 125
 357
-333
-1204
-910
-965
-665
-1218
 260
   0
-469
-882
 849
 551
 671
-476
-101
 113
 581
 328
 252
-127
 410
 969
 226
-149
 828
 756
 102
  29
-1113
 964
-393
-779
 356
-614
  27
-1207
-406
 135
-891
 115
 375
 -42
-408
 281
-1121
 152
 704
-132
 451
-871
 317
-701
 307
 -66
-1138
-107
-518
-113
 888
 157
 886
 304
-1081
 780
-471
 199
-634
 876
-1187
 919
-281
-1111
-633
-1222
-619
-487
-152
-669
-1156
-930
 527
-780
 237
 784
 559
 239
-443
 911
 468
 485
-1228
-1026
 804
-806
-869
-1200
-160
 841
-896
 718
-909
-686
  70
 566
 139
-1069
-327
-1215
 361
 145
-540
-549
 449
 147
 898
-914
 384
-455
-672
-799
-902
-1145
-411
 538
-1115
 348
  32
 834
  62
 582
 620
-623
 423
-447
 308
 883
 806
-365
 597
 666
-144
-600
-711
-608
-284
 587
 717
-1091
-295
 446
-1073
-1072
 615
-170
-973
-850
-836
 565
-1202
-430
 818
-645
 660
-695
 928
-785
-1040
 515
 390
 887
 398
-663
-607
-630
 463
  65
 766
 994
 647
-123
 858
 962
 236
 -39
 900
-1013
-923
 698
 543
-840
-700
 155
 540
-1201
 980
-234
 422
-673
 367
 475
 714
 499
 257
-590
 298
-624
 255
 213
 -56
 300
 753
 211
 740
-781
-941
-248
-1176
 496
-726
-864
 970
-197
 -69
 -76
  55
-968
-546
-231
 715
-497
-844
 959
-251
  13
-635
 584
 646
-399
 971
-344
 149
 933
-685
-193
 287
 530
-585
  -3
-504
-206
 725
-502
 734
 396
-183
  85
 501
-171
-1070
-706
-305
-1082
  94
 517
-1211
-1003
 194
 233
-496
-335
-994
-480
  36
-1174
 634
-839
-105
-438
-798
-620
  16
-1219
-683
 713
 187
 921
 219
 610
 106
 374
 138
 906
-647
-146
 156
 622
 -60
-599
 362
-795
 904
 851
 -26
 406
 890
-1152
-373
 856
-332
-257
-1133
 -99
-192
 811
-979
 339
 680
 163
-479
  90
-912
-861
 801
 650
-488
 534
 987
 286
-1014
-1193
 231
-825
 192
 585
-828
 436
 857
-1084
 688
  80
 842
-756
-262
-256
-621
-1164
 797
  75
-150
-1038
-1163
 961
-1170
 305
 -38
 536
-349
 414
-815
-962
-1165
-339
-288
-1180
 580
 354
 913
-1188
 564
-255
 745
-627
-693
-454
-1047
 494
-572
 202
 979
-559
-111
 126
 537
 373
-481
-767
 159
 930
 814
-972
-402
-1039
  30
-158
 395
 327
-492
 326
 791
-753
-945
 957
 689
-376
-462
 120
-124
 602
-1149
-457
-397
  -4
-215
-582
 695
 228
 544
-664
 859
 371
 889
-867
 215
-1223
 158
 953
 844
-198
 793
  26
-804
 340
-483
-657
 879
 968
-506
 -33
-666
 -96
 754
-1078
-987
-357
-771
 881
 746
-629
  12
-636
-1031
 263
-921
 669
-444
-707
 471
-1004
-573
-1134
-1065
-456
-1034
-348
-937
 874
-837
-318
-229
 823
-615
 123
-587
-246
 792
 380
   7
-1161
 705
-489
-414
 905
-797
 434
-1107
-1005
 571
 178
 -88
-245
 188
-312
 427
 465
 338
-439
 -61
 932
 293
-133
-368
 -23
 181
-644
-494
  60
-812
 437
 659
-1172
 441
-1057
 329
-363
-200
 119
 826
-1025
-465
-885
-1112
 774
-118
-322
 875
-1114
 772
 967
 301
-656
 279
-1060
 693
 820
-104
-743
 411
 117
 477
 896
-369
 629
-938
-553
-1075
 492
-567
-282
-1226
 761
 277
-425
  -5
-261
 509
-353
-1129
 -51
 405
-791
-1177
-468
-1167
-748
 309
 186
-416
-1049
-575
 140
-458
 872
-564
 644
 -85
-517
-1131
 107
-805
 196
-521
 208
-988
-637
 -89
-538
-259
 319
 938
 272
-990
-1136
-1009
 393
-103
 794
-159
 336
 132
-304
-238
-558
-1080
-412
-223
-421
 -43
  53
-241
-631
 430
 697
-684
 684
 365
  97
-845
-578
-830
 763
-999
-142
-176
 -40
-323
 330
-682
-1015
-989
 454
-1158
-1101
-713
 600
 984
-534
   2
-826
 519
-539
  22
-448
-219
  44
 699
-216
 292
 294
 789
  19
-787
-499
   3
-843
-530
-167
-1020
 863
 777
 586
 518
-1052
 265
-110
-1217
-1185
 595
-1100
 466
-568
 310
-1195
 -34
 288
-876
-975
-929
 545
 668
 425
-378
-418
-271
-982
-1127
-612
-274
 -53
-960
-435
 824
 925
 -44
 127
-833
-650
 -52
 575
-1074
-964
-509
-392
-511
 626
  17
 266
-570
 214
-916
  24
-908
 350
 372
 846
-384
-829
 168
 726
 473
 982
-194
 -14
 935
-996
  47
-1108
 -83
 -50
-141
-1183
 482
-1027
-733
 526
-114
-851
-601
-790
 403
-278
 249
-395
-731
-866
-811
 878
-140
 552
 627
-220
-345
 589
-873
 493
 934
-1006
  -2
 895
 316
 558
 -13
-820
-849
 621
-980
-783
 579
-746
 142
 796
-1077
-1042
 456
 870
 630
 508
-617
-776
 460
 770
 738
-940
 560
-924
 556
  43
-697
-315
 205
-705
-667
-576
 386
-688
-955
-749
 607
 635
 401
-145
-128
 729
 235
 578
 550
 101
-641
-398
-792
 663
-674
 654
-1212
 377
-366
 931
-1051
 702
-961
-557
-419
-958
-307
-338
 110
-472
-710
 291
-632
  57
 723
 285
-252
 458
 513
-1064
-139
-878
-595
  63
 752
 924
 448
 141
-529
-321
-336
-963
 341
-437
-1028
 332
-1197
-978
 -80
 315
 154
-452
-379
-550
-949
 681
-1023
 261
  92
 609
-405
 171
-822
 -71
-1033
-704
  -7
 -67
-1092
 -98
 853
-1063
-737
-1146
 561
 256
  54
-555
-689
 533
-109
 275
 555
 -19
-730
-102
-222
 179
-1097
 189
-1169
 500
-300
 867
-436
-881
-974
 832
 387
 758
 321
-956
 744
-467
 975
 424
-360
 553
-371
-314
-950
-1117
  88
-580
-773
 923
-276
 217
 -77
 111
 798
 632
 640
 572
-759
-992
 450
-301
 418
 795
-190
 736
 567
 800
-520
-544
 988
 636
-543
 524
-852
-311
-936
 922
 349
-394
  72
-775
-716
-121
-249
 549
 769
 112
 -10
-485
 429
-1012
 -91
 576
  38
-372
-1179
 835
   8
-560
-1210
-359
 312
  84
-401
-917
  93
  14
-1160
 490
 947
 224
 877
 617
 439
-303
  35
 -22
-954
 902
  52
 790
 986
-803
-1230
 992
 943
 848
 778
-734
-1054
-523
-552
 675
 358
 461
-802
 785
 222
-810
-415
-752
 542
 535
   1
  28
 765
-537
 -84
-1225
 667
-442
 563
-727
-296
 788
 489
 743
-526
 507
-984
 873
   9
-1139
-721
-1110
-1043
-690
-319
-939
-148
 687
 709
-463
-515
-835
 642
 459
-714
-316
 278
-320
 696
 331
-618
 637
-983
-239
 170
-744
 -21
-177
-1118
-1048
 892
-1123
-1198
-892
-410
 -20
 246
-696
 452
  59
 648
-126
  83
-995
 284
 144
 445
-277
-770
-1109
-874
  45
-174
-1182
  64
 631
-267
-584
-445
-396
 469
-225
 829
-740
 860
 122
 593
 320
 949
 180
 245
-1067
 557
-769
 359
-370
-919
 210
-188
-858
-884
 302
-966
 573
 240
  67
-848
 628
-596
-817
-254
-660
 295
-925
-1041
 528
 259
 981
-699
 480
 912
 -18
 234
-915
 598
 447
-702
 -87
-293
 116
-554
 218
 352
 455
-719
-478
-846
-763
-347
-374
-577
-1221
 498
 -73
-464
-679
 995
-788
-1224
 351
-853
 862
-1000
-593
 417
-1098
-191
-951
 624
 392
-286
 -78
 653
-258
 161
-761
-209
-643
-264
 133
-292
-244
  99
-1203
 273
-583
 201
-387
 376
-503
 104
-232
 290
 268
-157
 416
 854
 972
 146
  -8
 421
 958
 755
 -41
 611
-501
 939
 148
 197
-1206
-542
-326
 885
 221
-217
 346
-331
 737
-309
 641
-404
  73
-449
-778
-661
-134
 280
-1024
-561
-649
 656
-808
 690
 998
 262
-813
 655
-297
 707
-441
  77
 428
 195
-106
 -30
-211
 977
-1016
-329
 382
-172
-739
-451
-187
-195
-495
 869
-863
  69
 -64
 413
 592
-1104
 -24
 773
-681
-970
 363
-207
-1019
-1173
 665
-1035
-1157
 751
 638
-263
 -54
 -79
-900
 435
-531
-556
-224
-155
-516
-1234
 893
 847
-112
 388
-1135
-162
 583
 426
 108
 258
 914
-367
-342
-747
-732
  56
 -29
 805
-819
 297
-1148
 727
-514
 343
 506
 -27
-751
-513
-453
  33
-890
-173
-1050
 730
 433
-856
 927
 569
-270
 -82
 649
-722
 203
-510
-201
-1232
 674
-736
 625
 303
 216
 685
-1090
-720
  87
 547
-334
-341
-913
-1189
 768
-565
-289
-653
-228
 759
-218
-832
 529
 612
-525
-1086
 525
 232
-897
-903
-1076
 472
 731
-680
-361
-302
 782
-928
 162
 282
-324
-1186
-1154
-522
 963
-762
 833
-205
-1079
 230
 -93
 910
 -92
-659
-993
-137
 570
 311
 491
  79
-998
-1093
-426
 -31
-1017
 306
-1233
-482
-628
-184
-1095
-166
 950
-932
 -72
-240
-1171
-670
-745
-306
-1105
-648
 866
-493
 574
-793
 677
-420
 227
  68
 274
 183
 130
 193
 -81
 368
-760
-491
-178
 118
-226
-429
-855
 907
 198
  10
-872
-340
 241
 831
 264
 603
-594
 209
-1147
 710
-330
-800
-269
-1096
-446
 522
-203
-202
-1036
 474
-1159
 505
-959
-403
-818
-1130
 -15
 735
 169
 250
 487
 -75
 442
 407
-273
-1141
 -74
  46
-717
 708
 488
 399
-723
-1181
-947
-675
 495
 503
-351
 843
-602
-236
 616
  81
 771
-505
-227
-809
   5
-814
-1022
 438
-1008
-470
 999
  74
-147
 -95
 172
 722
 -37
-196
 891
-541
-1010
  41
 539
 711
-532
 613
 269
-868
 402
-1085
 400
-247
-969
-473
 732
 504
-591
-638
-169
  42
-880
-450
-382
-784
-115
 271
 248
 787
-823
 -97
-563
 683
-901
-153
  89
-299
-1140
   6
 686
-859
 185
 594
 836
 121
-738
-189
 182
 799
 825
 942
 467
 830
 577
-108
 733
 762
-260
-824
 -57
-774
-953
-1083
 481
-117
 443
 409
 166
 212
-742
-1168
-728
  31
-1213
-210
 767
-1229
 855
-180
  23
 822
 391
-569
-934
   4
-946
 412
 861
-609
-625
-709
 124
 682
 160
-163
 601
 296
 619
-764
 103
  86
 703
-566
-662
 639
-622
-1103
 694
-985
-1216
 816
 662
 810
-417
 909
 728
-1143
-130
-519
 779
 128
 739
-1053
 333
 908
-801
 335
 129
-1044
-1191
 -28
 190
 955
-847
-777
 -47
 903
-460
-571
-290
 432
-474
-486
 318
 651
-604
 845
 243
 143
-355
-831
-1030
  66
-386
 920
-886
 -68
 661
 926
 -11
 -32
  91
-678
-1126
 719
-724
 742
-221
 673
-120
-854
 652
 946
-1162
 802
-655
-461
 229
 470
 276
 864
-1102
 167
  15
 378
 207
 604
-1231
-310
 976
-1150
-413
-317
 916
-1061
 757
 313
-1058
  98
 748
 954
-527
 404
 153
 741
 821
-313
-597
-151
-1056
 948
 915
 389
 996
-786
 645
-477
 868
-230
-1087
 -62
 521
-1071
-658
-991
 136
 894
-834
 -12
-957
 -55
  71
-899
 383
-875
-1001
 596
 342
-407
 314
 408
-204
-524
-547
 105
-337
 397
-512
 483
-694
-143
 880
-498
-175
-265
 223
 692
-735
  82
 568
 672
 956
-490
-692
 -49
-1122
-879
 838
-122
-782
 510
 -65
 978
-1214
 175
 960
-613
-440
-639
  18
 -48
-1209
 918
-199
-1089
-346
 -59
-579
-741
  50
-1166
-687
-1227
 191
-703
-208
 109
-179
-952
-918
-898
 370
-1196
-536
 670
 724
-235
 299
-842
-603
 394
-391
  20
-1029
-431
-948
 618
 484
 137
-298
-651
-646
  48
-1018
 676
-358
-135
 220
  95
-1142
 267
-291
 929
 985
-715
-676
-588
 532
-1055
 966
-766
-1066
 165
 254
-182
-1192
 176
 679
-562
-156
-943
 -63
 819
 385
 813
-250
 721
-865
-889
-1199
 131
 983
-1137
-1184
 444
 990
-385
-375
-253
-380
-475
-1116
-432
-610
-100
-758
 479
-272
-352
 812
 588
 720
 775
-243
-796
-388
 283
-280
-409
-765
-1190
  78
 657
 420
-507
  -1
-857
  -6
-186
 366
 -45
 415
-642
-691
-905
-1120
-816
 -90
-927
 750
-459
 419
-424
-266
-389
-423
 -94
-328
-484
 807
-794
 991
-1062
  21
 944
-1059
-161
 242
 344
-986
-181
 353
  49
-640
 204
 177
 360
-343
 700
 871
 184
 238
 150
-1125
-237
 244
-894
 937
-581
-1175
 815
-233
  11
-977
-671
 114
 486
 701
-907
 712
 605
 706
-1002
 520
-1045
 882
-606
-1068
 -58
-214
-168
 -36
 440
 497
-935
-888
-1046
-362
 941
 502
-755
-768
-364
-1011
-400
 817
 760
-1099
 691
 247
-729
 457
 253
 901
 781
 431
 989
  37
-1132
-165
-827
  96
-1144
 897
 776
-904
 100
-920
-981
 884
 664
 865
-708
-1205
-275
 786
 614
 270
 997
-895
 225
-116
-283
-1220
-626
 -70
  61
-757
-131
-942
  76
 749
 531
 453
 808
 516
-997
-944
-1037
 379
-136
-1007
-718
  51
 974
 345
-1194
-119
 546